10
1457509979_alvaro_pepito
alvaro
pepito
1457509979 1457509979
0
0 12 0
0 0 0 0 0 0 0
0 0 0 0 0 0 0
0 0 0 0 0 0 0
0 0 0 0 0 0 0
0 0 0 0 0 0 0
0 0 0 0 0 0 0
1457509834_pepito_marta
pepito
marta
1457509834 1462451239
0
0 10 13
12 12 10 10 10 12 12
0 12 0 10 12 0 0
0 12 0 10 0 0 0
0 10 0 0 0 0 0
0 0 0 0 0 0 0
0 0 0 0 0 0 0
1458122999_marta_alvaro
marta
alvaro
1457602979 1458122999
1
0 10 1
12 12 12 0 0 0 0
0 0 0 0 0 0 0
0 0 0 0 0 0 0
0 0 0 0 0 0 0
0 0 0 0 0 0 0
0 0 0 0 0 0 0
1458124613_luis_alvaro
luis
alvaro
1458124613 1462378899
1
0 10 3
10 0 0 12 0 12 0
0 0 0 0 0 0 0
0 0 0 0 0 0 0
0 0 0 0 0 0 0
0 0 0 0 0 0 0
0 0 0 0 0 0 0
1458125113_marta_susana
marta
susana
1458125113 1458125113
0
0 10 1
0 0 12 0 0 0 0
0 0 0 0 0 0 0
0 0 0 0 0 0 0
0 0 0 0 0 0 0
0 0 0 0 0 0 0
0 0 0 0 0 0 0
1462378612_jose_pepito
jose
pepito
1462378612 1462378616
1
0 10 1
0 12 0 0 0 0 0
0 0 0 0 0 0 0
0 0 0 0 0 0 0
0 0 0 0 0 0 0
0 0 0 0 0 0 0
0 0 0 0 0 0 0
1462378868_susana_luis
susana
luis
1462378868 1462378872
0
0 10 1
0 0 12 0 0 0 0
0 0 0 0 0 0 0
0 0 0 0 0 0 0
0 0 0 0 0 0 0
0 0 0 0 0 0 0
0 0 0 0 0 0 0
1462379691_pepito_jose
pepito
jose
1462379691 1462379704
1
0 10 1
0 12 0 0 0 0 0
0 0 0 0 0 0 0
0 0 0 0 0 0 0
0 0 0 0 0 0 0
0 0 0 0 0 0 0
0 0 0 0 0 0 0
1462444976_pepito_alvaro
pepito
alvaro
1462444976 1462444981
0
0 10 1
0 0 12 0 0 0 0
0 0 0 0 0 0 0
0 0 0 0 0 0 0
0 0 0 0 0 0 0
0 0 0 0 0 0 0
0 0 0 0 0 0 0
1462445141_Paco_jose
Paco
jose
1462445141 1462445141
0
0 12 0
0 0 0 0 0 0 0
0 0 0 0 0 0 0
0 0 0 0 0 0 0
0 0 0 0 0 0 0
0 0 0 0 0 0 0
0 0 0 0 0 0 0
